0 0.11305555555555555 0.4059803921568627 0.08130718954248366 0.1045343137254902
0 0.28380718954248363 0.35215686274509805 0.08831699346405228 0.11801470588235294
0 0.38279411764705884 0.2589460784313726 0.08637254901960784 0.11036764705882353
0 0.4977941176470588 0.27455882352941174 0.09338235294117647 0.11563725490196078
0 0.6759150326797386 0.16573529411764706 0.09589869281045751 0.14884803921568626
0 0.8423366013071896 0.13762254901960783 0.11923202614379085 0.14740196078431372
0 0.24968954248366013 0.5277941176470589 0.07583333333333332 0.12034313725490196
0 0.33570261437908494 0.5407598039215686 0.09598039215686274 0.1347549019607843
0 0.42380718954248364 0.6635294117647059 0.08763071895424837 0.12943627450980394
0 0.5798039215686274 0.7096568627450981 0.10361111111111111 0.1178921568627451
0 0.7760294117647059 0.8052696078431373 0.09042483660130719 0.13034313725490196
0 0.9280228758169935 0.8797549019607843 0.08109477124183007 0.11205882352941177