0 0.29630718954248364 0.6401960784313725 0.12098039215686275 0.37977941176470587
0 0.5900653594771242 0.5428921568627451 0.12411764705882351 0.36683823529411763
0 0.6869607843137255 0.802622549019608 0.05841503267973856 0.07026960784313725
0 0.571797385620915 0.9145833333333333 0.09143790849673203 0.05774509803921568
0 0.45647058823529413 0.873014705882353 0.08377450980392158 0.06977941176470588
0 0.4439869281045752 0.7447303921568628 0.05879084967320261 0.04963235294117647
0 0.5682843137254903 0.8228186274509803 0.04594771241830065 0.07602941176470589
0 0.6268954248366013 0.8369852941176471 0.07477124183006535 0.06691176470588235
0 0.621781045751634 0.8819117647058823 0.05299019607843137 0.07313725490196078
0 0.47250000000000003 0.8124754901960785 0.061993464052287575 0.052500000000000005
0 0.5048529411764706 0.8542892156862746 0.06519607843137255 0.06112745098039216
0 0.17071895424836603 0.7485784313725491 0.07745098039215687 0.08039215686274509