0 0.21545751633986931 0.5729487179487179 0.18970588235294117 0.17113247863247863
0 0.46169934640522875 0.6278632478632478 0.13596405228758168 0.2870940170940171
0 0.6367483660130719 0.4770726495726496 0.12191176470588236 0.08621794871794872
0 0.733218954248366 0.4358760683760684 0.10009803921568627 0.05878205128205129
0 0.8825816993464052 0.46435897435897433 0.07205882352941177 0.07301282051282051
0 0.33372549019607844 0.37993589743589745 0.09009803921568628 0.06897435897435898
0 0.38449346405228757 0.3336324786324786 0.039901960784313725 0.03134615384615384
0 0.2921078431372549 0.31837606837606836 0.01619281045751634 0.01914529914529915
0 0.23745098039215684 0.35423076923076924 0.08194444444444444 0.051175213675213674
0 0.2123529411764706 0.33034188034188033 0.04344771241830065 0.033888888888888885
0 0.09040849673202614 0.33797008547008545 0.044640522875817 0.043034188034188035
0 0.04431372549019608 0.3468589743589744 0.04349673202614379 0.0577991452991453
0 0.06668300653594772 0.3112606837606837 0.02519607843137255 0.023205128205128205