0 0.10681372549019609 0.5058024691358024 0.07073529411764706 0.09560493827160493
0 0.17825163398692812 0.5348395061728395 0.0752124183006536 0.08977777777777778
0 0.23094771241830067 0.5537283950617283 0.06333333333333332 0.0694320987654321
0 0.29790849673202613 0.5418518518518518 0.0818954248366013 0.10091358024691358
0 0.3337745098039216 0.6386666666666667 0.10751633986928104 0.20735802469135803
0 0.4012091503267974 0.5813086419753086 0.05977124183006536 0.18269135802469136
0 0.43501633986928107 0.5561481481481482 0.03700980392156863 0.1091358024691358
0 0.507892156862745 0.6006666666666667 0.08857843137254902 0.14590123456790124
0 0.6595751633986928 0.674962962962963 0.14011437908496732 0.28577777777777774
0 0.6882516339869281 0.5755061728395062 0.06866013071895426 0.1594567901234568
0 0.7547222222222222 0.6657777777777777 0.10740196078431373 0.12797530864197532