0 0.49138888888888893 0.15132352941176472 0.0805718954248366 0.11424019607843137
0 0.4481535947712418 0.21355392156862743 0.06712418300653594 0.07433823529411765
0 0.5692320261437909 0.43914215686274505 0.06709150326797386 0.10740196078431373
0 0.5916666666666667 0.3709313725490196 0.07642156862745099 0.04056372549019608
0 0.6416339869281046 0.5013480392156863 0.1003921568627451 0.10210784313725489
0 0.755032679738562 0.7288725490196079 0.09651960784313726 0.1217156862745098
0 0.6859967320261438 0.653921568627451 0.08339869281045752 0.11022058823529411
0 0.3341013071895425 0.4739705882352941 0.09277777777777778 0.10500000000000001
0 0.25962418300653595 0.885514705882353 0.08800653594771242 0.11781862745098039
0 0.14926470588235294 0.8134313725490196 0.09218954248366014 0.11784313725490196
0 0.07142156862745098 0.8292892156862746 0.07491830065359477 0.10343137254901962