0 0.2785294117647059 0.2217156862745098 0.08351307189542484 0.12526960784313726
0 0.4308496732026144 0.3050735294117647 0.09019607843137255 0.10458333333333333
0 0.7025 0.3637009803921568 0.07602941176470589 0.1007107843137255
0 0.5923039215686274 0.4172794117647059 0.07862745098039216 0.09541666666666666
0 0.49748366013071893 0.5167401960784314 0.06967320261437909 0.06943627450980391
0 0.47009803921568627 0.5679166666666667 0.06295751633986928 0.07661764705882353
0 0.4007352941176471 0.5748774509803922 0.06841503267973856 0.08188725490196078
0 0.32336601307189544 0.6015441176470588 0.05787581699346406 0.06892156862745098
0 0.23254901960784313 0.6077941176470588 0.07423202614379085 0.12176470588235294
0 0.14589869281045753 0.6894607843137255 0.06816993464052287 0.1178921568627451
0 0.038431372549019606 0.727671568627451 0.05890522875816993 0.0991421568627451