0 0.23305555555555554 0.8034858387799565 0.1407516339869281 0.24941176470588236
0 0.561437908496732 0.5832461873638344 0.12433006535947713 0.16333333333333333
0 0.4432679738562091 0.5934204793028323 0.08187908496732026 0.08492374727668844
0 0.38372549019607843 0.49901960784313726 0.036879084967320265 0.053006535947712416
0 0.5111601307189543 0.39446623093681915 0.025947712418300656 0.08209150326797386
0 0.5677941176470589 0.4445751633986928 0.06080065359477124 0.10965141612200435
0 0.6131862745098039 0.3731808278867102 0.016486928104575162 0.03949891067538126
0 0.6375 0.368322440087146 0.021568627450980392 0.05886710239651416
0 0.6974183006535948 0.37437908496732025 0.03243464052287582 0.050631808278867096
0 0.801797385620915 0.35091503267973856 0.05165032679738562 0.07047930283224402
0 0.8477124183006535 0.31871459694989107 0.0672549019607843 0.04969498910675381
0 0.7961601307189542 0.3058823529411765 0.033872549019607845 0.04435729847494553
0 0.8571568627450981 0.2744226579520697 0.0338562091503268 0.033725490196078435
0 0.967156862745098 0.23281045751633986 0.049068627450980395 0.03762527233115468