0 0.33122549019607844 0.1608267716535433 0.09470588235294118 0.17649606299212597
0 0.44893790849673204 0.12181102362204725 0.11294117647058824 0.19578740157480315
0 0.6679084967320261 0.10795275590551182 0.1337091503267974 0.18653543307086615
0 0.8312745098039216 0.11874015748031497 0.1298202614379085 0.1711023622047244
0 0.9328267973856209 0.20905511811023622 0.10991830065359476 0.1664173228346457
0 0.7572712418300653 0.25688976377952755 0.1240686274509804 0.18803149606299213
0 0.9062418300653595 0.4077952755905512 0.11826797385620914 0.13318897637795274
0 0.9349183006535947 0.5849212598425196 0.09679738562091504 0.18637795275590552
0 0.8155882352941176 0.5907086614173228 0.1061111111111111 0.15625984251968503
0 0.6573366013071896 0.5050393700787401 0.10486928104575165 0.20724409448818898
0 0.7031372549019608 0.8724409448818897 0.0965359477124183 0.1824015748031496
0 0.5612254901960785 0.8588976377952756 0.10874183006535948 0.17854330708661417
0 0.4153104575163398 0.716496062992126 0.1187091503267974 0.2503543307086614
0 0.31919934640522873 0.6729133858267716 0.10336601307189543 0.14
0 0.20308823529411765 0.5548031496062992 0.08833333333333333 0.22803149606299214
0 0.09784313725490197 0.3996850393700787 0.14122549019607844 0.17716535433070865
0 0.2347875816993464 0.2816141732283465 0.1325326797385621 0.1355511811023622
0 0.3787908496732026 0.3726771653543307 0.11872549019607842 0.12314960629921261
0 0.537516339869281 0.26421259842519684 0.11130718954248367 0.18877952755905514
0 0.5009967320261438 0.4540944881889764 0.122859477124183 0.1609448818897638