0 0.052516339869281045 0.6873039215686275 0.0601797385620915 0.053014705882352936
0 0.11627450980392157 0.6834803921568627 0.04928104575163399 0.051102941176470594
0 0.2158986928104575 0.683235294117647 0.060147058823529415 0.047745098039215686
0 0.2748366013071895 0.7091666666666666 0.043464052287581705 0.04772058823529411
0 0.3249673202614379 0.7125490196078432 0.04570261437908497 0.05446078431372549
0 0.3456372549019608 0.6704901960784314 0.050490196078431374 0.036691176470588234
0 0.46449346405228753 0.6704901960784314 0.04598039215686275 0.04245098039215686
0 0.46673202614379083 0.7060539215686275 0.05045751633986928 0.05012254901960784
0 0.553218954248366 0.6716911764705883 0.04274509803921569 0.03620098039215686
0 0.592140522875817 0.7053431372549019 0.05331699346405229 0.05156862745098039
0 0.6273856209150327 0.6688235294117647 0.0392156862745098 0.04198529411764706
0 0.674640522875817 0.6846813725490196 0.04720588235294118 0.05639705882352942
0 0.7395098039215686 0.7043627450980392 0.05583333333333334 0.03811274509803922
0 0.8086928104575164 0.7091911764705883 0.05197712418300653 0.03620098039215686
0 0.9132843137254901 0.7084558823529412 0.06700980392156862 0.05492647058823529
0 0.9757679738562091 0.683235294117647 0.04584967320261438 0.047745098039215686