0 0.19367647058823528 0.14829473684210526 0.16014705882352942 0.13018947368421052
0 0.29637254901960786 0.2846105263157895 0.1694607843137255 0.19227368421052632
0 0.5881209150326797 0.20593684210526314 0.18805555555555556 0.08305263157894738
0 0.8635130718954249 0.3628 0.19264705882352942 0.09602105263157895
0 0.8092647058823529 0.5239157894736842 0.14248366013071895 0.12052631578947369
0 0.6970261437908496 0.6266526315789475 0.177140522875817 0.15755789473684212
0 0.5009803921568627 0.8396421052631579 0.18651960784313726 0.13242105263157894
0 0.5181045751633987 0.4670315789473684 0.1693954248366013 0.13608421052631578
0 0.4262908496732026 0.5978315789473685 0.15852941176470586 0.10896842105263158
0 0.17266339869281047 0.6276631578947368 0.18816993464052287 0.13551578947368423
0 0.04820261437908497 0.4675368421052632 0.0932843137254902 0.10098947368421052