0 0.23269607843137255 0.46657952069716774 0.07032679738562092 0.11013071895424836
0 0.3588562091503268 0.6299564270152505 0.0938888888888889 0.09699346405228759
0 0.4320098039215686 0.5261220043572985 0.08552287581699347 0.11300653594771241
0 0.5414705882352941 0.61760348583878 0.1061764705882353 0.11008714596949891
0 0.6375 0.5454901960784314 0.09998366013071895 0.14010893246187364
0 0.5296732026143791 0.49901960784313726 0.06733660130718955 0.0820479302832244
0 0.506437908496732 0.43126361655773415 0.06008169934640523 0.06851851851851852
0 0.6618300653594772 0.3833333333333333 0.06150326797385621 0.15276688453159043
0 0.7972549019607843 0.5817864923747277 0.07526143790849674 0.11396514161220044
0 0.9312254901960784 0.558082788671024 0.09918300653594772 0.11300653594771241
0 0.9599019607843138 0.4365795206971677 0.06504901960784314 0.0907843137254902
0 0.8655065359477125 0.5319389978213508 0.05926470588235295 0.09557734204793028
0 0.8250163398692811 0.4799128540305011 0.08504901960784313 0.08156862745098038