0 0.3103921568627451 0.4151597051597052 0.24143790849673202 0.1645208845208845
0 0.5807516339869281 0.5350859950859951 0.3208006535947713 0.23095823095823095
0 0.257859477124183 0.2807862407862408 0.10178104575163399 0.09233415233415233
0 0.35651960784313724 0.24778869778869778 0.08764705882352941 0.06970515970515971
0 0.2780392156862745 0.20972972972972972 0.06140522875816993 0.0571990171990172
0 0.20179738562091504 0.12181818181818181 0.05501633986928105 0.09238329238329239
0 0.30495098039215685 0.14496314496314497 0.046013071895424834 0.05191646191646192
0 0.34627450980392155 0.12110565110565111 0.03254901960784314 0.07071253071253071
0 0.4069771241830065 0.13002457002457002 0.04055555555555555 0.10297297297297296
0 0.4503921568627451 0.13845208845208845 0.04854575163398693 0.07648648648648648
0 0.49748366013071893 0.12351351351351351 0.038921568627450984 0.06395577395577395
0 0.500359477124183 0.24248157248157248 0.1215686274509804 0.09955773955773957
0 0.6344281045751634 0.14447174447174446 0.034084967320261436 0.0625061425061425
0 0.6861601307189542 0.1764864864864865 0.031830065359477126 0.12945945945945944
0 0.7204411764705883 0.13314496314496313 0.019640522875816992 0.09479115479115478
0 0.8251960784313725 0.33375921375921375 0.08303921568627451 0.18093366093366092
0 0.8120588235294118 0.19818181818181818 0.06062091503267974 0.12656019656019654
0 0.9399019607843138 0.3058230958230958 0.12021241830065359 0.09616707616707616
0 0.8911928104575163 0.24417690417690416 0.053562091503267975 0.06535626535626536
0 0.8897549019607842 0.15506142506142506 0.029526143790849675 0.09525798525798526
0 0.9808823529411764 0.18901719901719904 0.02534313725490196 0.05624078624078624